000281
000324
000378
000383
000389
000392
000422
000416
000421
000428
000430
000433
000438
000437
000447
000446
000460
000477
000510
000528
000565
000584
000592
000594
000593
000598
000599
000603
000611
000609
000621
000628
000624
000633
000642
000656
000669
000685
000693
000759
000780
000803
000802
000989
001023
001033
001073
001077
001082
001087
001115
001119
001133
001135
001149
001150
001155
001156
001220
001212
001236
001246
001249
001252
001272
001278
001334
001367
001366
001379
001426
001453
001451
001495
001476
001475
001497
001498
001516
001521
001526
001525
001528
001527
001534
001539
001545
001540
001549
001562
001563
001575
001576
001572
001580
001577
001581
001584
001585
001586
001589
001601
001602
001603
001605
001604
001606
001624
001625
001626
001629
001634
001635
001644
001638
001646
001648
001652
001666
001668
001670
001672
001675
001679
001680
001695
001682
001715
001726
001952
001954
001956
002174
002199
002201
002250
002411
002412
002503
002583
002680
002825
002975
002973
002996
003040
003045
003067
003094
003253
003320
003394
003404
003418
003423
003431
003443
003444
003473
003454
003482
003481
003503
003516
003526
003574
003586
003601
003599
003625
003635
003701
003728
003746
003764
003802
003823
003825
003824
003826
003828
003829
003830
003832
003831
003947
003944
003949
003974
003975
003982
003983
004002
003999
004003
004006
004005
004043
004050
004142
004120
004145
004176
004194
004192
004197
004198
004217
004218
004219
004221
004268
004270
004354
004353
004366
004406
004380
004402
004411
004408
004436
004442
004511
004508
004539
004537
004558
004570
004573
004694
004718
004724
004735
004866
004914
004929
004970
005007
005088
005102
005226
005265
005327
005397
005415
005430
005441
005667
005674
005675
005676
005677
005698
005726
005759
005828
005835
005869
005882
005883
005920
005925
005957
005965
005975
005994
006002
005998
006038
006094
006093
006127
006132
006200
006217
006574
006858
006891
006921
006925
006931
007095
007204
007299
007383
007385
007433
007435
007445
007453
007464
007670
007724
007730
007754
007752
007756
007868
007894
008048
008054
008121
008156
008166
008201
008214
008217
008240
008361
008379
008398
008400
008662
008675
008715
008731
008787
008862
008866
008876
008913
008916
009020
009120
009229
009259
009265
009264
009266
009402
009619
009622
009656
009671
009684
009685
009701
009706
009743
009774
009856
009879
009905
009907
009924
009959
009971
009998
010056
010060
010069
010100
010101
010102
010143
010163
010212
010320
010327
010338
010341
010383
010388
010596
010633
010730
010786
010792
010823
010826
010864
010966
010987
011166
011167
011188
011196
011349
011352
011429
011445
011555
011591
011598
011672
011734
011741
011784
011887
011898
011949
011952
012009
012082
012084
012133
012185
012191
012198
012199
012226
012246
012317
012391
012453
012488
012592
012600
012693
012706
012740
012759
012835
012893
013032
013092
013145
013154
013219
013227
013251
013271
013340
013371
013427
013439
013508
013630
013644
013647
013648
013782
013800
013871
013892
013946
013963
013961
013986
013990
014251
014296
014305
014313
014317
014332
014373
014441
014464
014518
014517
014567
014589
014620
014656
014722
014843
014842
014904
014962
014955
014958
014966
014968
014967
014980
014989
015077
015097
015105
015109
015138
015172
015185
015195
015240
015249
015312
015334
015556
015641
015645
015652
015682
015799
016025
016149
016220
016257
016258
016282
016330
016413
016429
016465
016542
016663
016671
016684
016789
016788
016826
016828
016830
016852
016871
016876
016930
016953
017018
017019
017105
017258
017269
017326
017494
017514
017580
017589
017603
017673
017677
017676
017722
017737
017736
017739
017749
017798
017806
017804
017803
017807
017812
017827
017837
017845
017893
017944
017970
018018
018140
018165
018238
018305
018347
018359
018358
018367
018368
018439
018459
018472
018474
018475
018501
018583
018832
018948
019090
019124
019130
019138
019203
019202
019204
019272
019401
019449
019486
019491
019504
019572
019643
019704
019709
019764
019875
019877
019913
019922
019948
019947
020038
020084
020201
020205
020276
020285
020345
020395
020490
020508
020518
020550
020552
020592
020874
020878
020884
021039
021167
021175
021191
021236
021260
021263
021295
021337
021405
021425
021499
021510
021530
021529
021556
021637
021675
021844
021856
021897
021975
022022
022189
022254
022329
022512
023684
023720
023774
023785
024040
024309
024480
024541
024657
024961
024994
025035
025389
025573
026400
026418
026443
026460
026540
026589
026832
026833
026874
026958
027344
027402
027407
027593
027893
027922
028016
028042
028077
028210
028416
028424
028433
028501
028702
028888
029041
029115
029307
029315
029609
029707
030179
030200
030280
030413
030426
030437
030513
030631
030706
030737
031330
031640
031895
032098
032239
032581
